275
40
104
15
0.9600 0.9787 0.9722 0.9608 0.9231 0.9866
278
37
105
16
0.8462 0.9130 0.8889 0.8790 0.8462 0.9431
274
41
106
16
0.8800 0.9362 0.9167 0.8996 0.8462 0.9498
273
42
105
18
0.7500 0.8750 0.8333 0.7951 0.6923 0.8662
276
39
104
17
0.7826 0.8980 0.8611 0.8138 0.6923 0.8294
279
37
107
17
0.8696 0.9362 0.9143 0.8771 0.7692 0.9161
282
35
107
17
0.7826 0.8889 0.8529 0.8257 0.7500 0.9621
283
34
99
15
1.0000 1.0000 1.0000 1.0000 1.0000 1.0000
276
41
103
18
0.9231 0.9524 0.9412 0.9535 1.0000 0.9962
284
33
104
16
0.8182 0.9130 0.8824 0.8461 0.7500 0.9470
