275
40
91
11
0.9167 0.9583 0.9444 0.9199 0.8462 0.9900
267
48
92
12
0.8800 0.9362 0.9167 0.8996 0.8462 0.9465
271
44
89
13
0.9600 0.9787 0.9722 0.9608 0.9231 0.9498
273
42
89
15
0.7500 0.8750 0.8333 0.7951 0.6923 0.8662
271
44
91
13
0.7826 0.8980 0.8611 0.8138 0.6923 0.8595
274
42
98
12
0.8696 0.9362 0.9143 0.8771 0.7692 0.9091
276
41
100
16
0.8696 0.9333 0.9118 0.8919 0.8333 0.9924
275
42
90
12
1.0000 1.0000 1.0000 1.0000 1.0000 1.0000
272
45
95
12
0.9231 0.9524 0.9412 0.9535 1.0000 1.0000
276
41
92
17
0.8182 0.9130 0.8824 0.8461 0.7500 0.9545
