143
172
24
7
0.7000 0.8846 0.8333 0.7338 0.5385 0.8930
129
186
26
6
0.8182 0.9200 0.8889 0.8321 0.6923 0.9431
132
183
16
3
0.8333 0.9167 0.8889 0.8578 0.7692 0.8328
144
171
27
7
0.6364 0.8400 0.7778 0.7012 0.5385 0.8662
211
104
28
5
0.8182 0.9200 0.8889 0.8321 0.6923 0.9164
171
145
32
7
0.8182 0.9167 0.8857 0.8321 0.6923 0.8601
202
115
17
9
0.9167 0.9545 0.9412 0.9354 0.9167 0.9470
204
113
14
7
0.8571 0.9362 0.9118 0.8660 0.7500 0.8902
157
160
21
3
1.0000 1.0000 1.0000 1.0000 1.0000 1.0000
162
155
31
6
0.8182 0.9130 0.8824 0.8461 0.7500 0.9621
