169
146
29
8
0.7619 0.9020 0.8611 0.7845 0.6154 0.9431
123
192
15
4
0.7000 0.8846 0.8333 0.7338 0.5385 0.8662
134
181
24
3
0.8333 0.9167 0.8889 0.8578 0.7692 0.8328
166
149
25
6
0.6667 0.8627 0.8056 0.7177 0.5385 0.8462
148
167
12
4
0.8182 0.9200 0.8889 0.8321 0.6923 0.9164
127
189
24
7
0.7826 0.8936 0.8571 0.8129 0.6923 0.8566
221
96
28
6
0.9167 0.9545 0.9412 0.9354 0.9167 0.9962
151
166
25
8
0.9565 0.9778 0.9706 0.9574 0.9167 0.9432
153
164
15
5
1.0000 1.0000 1.0000 1.0000 1.0000 1.0000
144
173
14
3
0.8182 0.9130 0.8824 0.8461 0.7500 0.9545
