165
150
12
3
0.7000 0.8846 0.8333 0.7338 0.5385 0.8495
133
182
17
3
0.7619 0.9020 0.8611 0.7845 0.6154 0.8729
181
134
24
5
0.8333 0.9167 0.8889 0.8578 0.7692 0.8294
156
159
25
6
0.6667 0.8627 0.8056 0.7177 0.5385 0.8428
156
159
31
4
0.8182 0.9200 0.8889 0.8321 0.6923 0.9030
159
157
25
7
0.7273 0.8750 0.8286 0.7664 0.6154 0.8392
197
120
18
5
0.9167 0.9545 0.9412 0.9354 0.9167 0.9242
133
184
13
5
0.8571 0.9362 0.9118 0.8660 0.7500 0.8977
155
162
12
7
1.0000 1.0000 1.0000 1.0000 1.0000 1.0000
157
160
16
3
0.7619 0.8936 0.8529 0.7977 0.6667 0.9545
