131
184
15
6
0.7000 0.8846 0.8333 0.7338 0.5385 0.8829
125
190
15
2
0.7619 0.9020 0.8611 0.7845 0.6154 0.8796
218
97
17
4
0.8333 0.9167 0.8889 0.8578 0.7692 0.8361
136
179
17
4
0.6364 0.8400 0.7778 0.7012 0.5385 0.8261
156
159
14
1
0.7619 0.9020 0.8611 0.7845 0.6154 0.9064
129
187
12
6
0.7273 0.8750 0.8286 0.7664 0.6154 0.8252
201
116
29
8
0.9167 0.9545 0.9412 0.9354 0.9167 0.9697
174
143
13
6
0.8571 0.9362 0.9118 0.8660 0.7500 0.8977
141
176
10
5
1.0000 1.0000 1.0000 1.0000 1.0000 1.0000
179
138
26
10
0.8182 0.9130 0.8824 0.8461 0.7500 0.9583
