,C4.5Fmeasure,C4.5gmean,C4.5TP,C4.5AUC,NBFmeasure,NBgmean,NBTP,NBAUC,5nnFmeasure,5nngmean,5nnTP,5nnAUC,SGDFmeasure,SGDgmean,SGDTP,SGDAUC
diabetes,0.5657418500333946,0.6573076442999317,0.5687891737891737,0.6675945868945868,0.6287912542850951,0.7060392507734407,0.593019943019943,0.8159914529914529,0.5971563302841724,0.6562719204024346,0.5266381766381766,0.748448717948718,0.5184909384275656,0.3935959806449386,0.44793447293447286,0.5498672364672365
ionosphere,0.8361697829449921,0.86672266843548,0.8173717948717949,0.8716799685821425,0.811949278791384,0.8392349272972881,0.7403846153846152,0.935222205330901,0.7556183137990918,0.7403907876667121,0.5673076923076924,0.9204792490118578,0.7535629948871856,0.7843874895207101,0.7262820512820513,0.8013134057971015
satimage,0.9466117630897182,0.9685073280240623,0.9442756539235413,0.9690243311484282,0.9322083784618478,0.9456047462177917,0.8975050301810865,0.9889457397344523,0.947952422005414,0.9771442981288259,0.958672032193159,0.9942230195543498,0.9264461552804208,0.9267347077754364,0.8832394366197184,0.9310194939269124
segment-challenge,0.9705818548193538,0.9833279801307132,0.9719999999999999,0.9836028622540252,0.6145432309959873,0.8906083927300223,0.9852380952380952,0.9764349603884488,0.7768373784460743,0.9709603973013655,0.9554761904761904,0.9954463753300964,0.8001740782456073,0.8941097451715603,0.8479761904761907,0.9111228596984411
vehicle,0.8768349491305294,0.9225269924141903,0.8923421052631578,0.9241145622469636,0.5412718830013156,0.7117684691243383,0.8592105263157894,0.8150194205465586,0.7081909375236962,0.9228996387439288,0.8944736842105263,0.9835834387651824,0.620311963177914,0.5446030754679374,0.5606315789473684,0.6992052125506072
sonar,0.5854511839755345,0.5827035977253084,0.6164444444444444,0.6125025252525254,0.6301292528981317,0.568492193987689,0.728888888888889,0.73510101010101,0.5782580805984023,0.5471521993767964,0.5188888888888891,0.6204671717171717,0.5663557585211623,0.49936743286204255,0.5708888888888889,0.6191944444444444
german,0.4737248058013986,0.6039162289583249,0.4750000000000001,0.625,0.5807079927241218,0.6928078000128919,0.62,0.7564285714285716,0.47969000857480626,0.5143420398629449,0.3166666666666666,0.6554047619047619,0.4383075960799404,0.43409537077100924,0.41533333333333333,0.5961119047619048
wpbc,0.4173842268842269,0.5577883446567448,0.4605,0.6317083333333333,0.4066300366300366,0.5529300426543167,0.5199999999999999,0.6632499999999999,0.41304445554445557,0.5342317585936663,0.37000000000000005,0.6349583333333334,0.3951033752532944,0.440334053168656,0.46550000000000014,0.6199333333333332
glass,0.7454274902943635,0.8047440047381762,0.7460000000000001,0.834029411764706,0.7538942052099947,0.7868487333297719,0.7699999999999999,0.9261764705882352,0.7285496667075614,0.7646688473855808,0.6900000000000002,0.9633455882352939,0.619564859934491,0.36986526747983384,0.5493333333333333,0.6628468137254903
haberman,0.24346297092915728,0.3510300138026132,0.30375,0.4866946640316206,0.2784615384615385,0.36618154701712413,0.2097222222222222,0.697292215634607,0.31942540302834427,0.48613481423633004,0.34861111111111104,0.6708278436539307,0.29030192230792545,0.17559187592055342,0.36,0.5366106719367589
breasttissue,0.7761904761904763,0.8284669462864442,0.8299999999999998,0.8865277777777779,0.7604761904761904,0.8759762070853896,0.9666666666666666,0.9388888888888889,0.7685714285714286,0.8563831209547972,0.8166666666666667,0.9118055555555558,0.5422642172642171,0.08626087519971867,0.18833333333333335,0.5179861111111111
movement,0.593842712842713,0.7704311915747842,0.685,0.8210071301247771,0.5492436974789916,0.6259699033263076,0.5999999999999999,0.9209001782531197,0.5241456582633052,0.5565285645092982,0.5,0.8843137254901963,0.48019387801740737,0.46442876671258526,0.43166666666666664,0.7007397504456329
spect,0.5004782523977571,0.6462087086319992,0.5096666666666667,0.6966176046176046,0.48135047637335965,0.6613846486306204,0.9299999999999999,0.8429040404040402,0.27162761913906086,0.09688602010452509,0.07666666666666666,0.7464935064935065,0.3273980883100886,0.5633940257592214,0.4803333333333334,0.6581475468975468
vertebral,0.6655904842628251,0.7136466175336371,0.655,0.7341666666666666,0.7878455014058731,0.7563223288268556,0.8799999999999999,0.8519047619047619,0.7685357893848339,0.7952642745369921,0.7599999999999999,0.8957142857142857,0.6909499754102864,0.5292030764730893,0.598,0.6968571428571428
breastw,0.9054469352702721,0.9207493736129836,0.8764666666666667,0.9242115942028984,0.944873230476763,0.9634895341355871,0.9753333333333334,0.9848494363929147,0.9479491451845377,0.9628343209389796,0.9550000000000001,0.989989734299517,0.9372727690423327,0.936706268438863,0.9299166666666666,0.9407964975845411
yeast1,0.48425154278448934,0.617367490913604,0.4979900332225915,0.6365965440147099,0.4569955622553791,0.20787145178556193,0.990642303433001,0.7664138008574791,0.477067819346478,0.616530028893851,0.4524916943521594,0.7394409719423825,0.44761274620767094,0.4548240749324878,0.48702104097452936,0.624525660695754
yeast2,0.48981148057869656,0.6119290823119106,0.4943570767807586,0.6291355153559228,0.5616608290539827,0.5852299364847664,0.8594819611470861,0.7181458927571099,0.5155215546205202,0.5935505847764507,0.44491211840888056,0.7039875918663633,0.46013479091048304,0.38049654962740137,0.48977798334875117,0.5941647922697098
yeast0,0.4930569359406355,0.6771396230547795,0.5273166666666668,0.7045454301075269,0.2967919113232712,0.27984657117115225,0.9875000000000002,0.8319973118279569,0.42232431799697456,0.6838756595853684,0.5066666666666667,0.7996848118279569,0.4040596561570761,0.48905353073720426,0.39683333333333326,0.6614136424731183
yeast6,0.6921738165428609,0.8218158223406811,0.7083823529411764,0.8328810830552318,0.24344838309618327,0.4771926637077545,0.98125,0.9542732792877915,0.4866078127470631,0.8130505985435932,0.6797794117647059,0.9190677018415021,0.525115892285503,0.7328355447974138,0.6210294117647058,0.8068221627765938
abalone6,0.2748461795600442,0.5040192922798168,0.27203076923076924,0.611539550803599,0.3457749371092574,0.8214164118697072,0.8761538461538463,0.8923115125648919,0.2522846811075215,0.32178487270490347,0.11215384615384619,0.7962148518270186,0.1880480176922008,0.1340184185834099,0.1256923076923077,0.6158616575559991
abalone7,0.258925105947638,0.49326617123670236,0.27158974358974364,0.5932207418790533,0.3629239318360064,0.7643510085222286,0.838525641025641,0.8406277319052167,0.27382145045694933,0.3598464206374549,0.13814102564102562,0.7566333414948191,0.21296093429443466,0.2002934193269323,0.16548076923076924,0.6135334331862475
abalone8,0.2263822268022435,0.4531089901457843,0.24615914786967422,0.5512615530053203,0.33794929614061536,0.642477038741293,0.6075814536340854,0.7192371850390057,0.26680512195487577,0.3662101195049038,0.1463659147869674,0.6725382180925534,0.21409541345512206,0.21442280490166588,0.1931516290726817,0.590960956971723
abalone9,0.2043677735772468,0.41967329736678993,0.21910912190963341,0.5207745079297533,0.33605466437316606,0.5991972481668161,0.5602301790281331,0.6536943137931567,0.2615596104380451,0.33881078501643414,0.14079283887468025,0.6235883003074001,0.2093898473039737,0.17289223855817498,0.22380008525149192,0.5464706421965994
abalone10,0.23243487379380728,0.4558176722799631,0.25074404761904756,0.5450246059691481,0.32121944707247246,0.6009292050461145,0.6043154761904762,0.6606868883182964,0.23680031766039106,0.31440017480420895,0.10887896825396826,0.628112556182986,0.17324838768655343,0.0924590572708376,0.0942906746031746,0.5149202994074775
abalone11,0.18661837929890618,0.4079127270107035,0.195,0.539749322493225,0.30857091881162363,0.6337506916532477,0.597704081632653,0.7155562699334476,0.19937969982999346,0.2172844150142232,0.05756802721088435,0.6182341500285748,0.15554386390371472,0.14131549540482943,0.12493197278911568,0.5447831632653062
abalone12,0.0977000351357252,0.2933900793790284,0.10652421652421654,0.5191700366508549,0.16829662446060895,0.5357825035570325,0.4122507122507123,0.684218272965076,0.09040442171222039,0.038292599977665424,0.007407407407407406,0.5861593838575935,0.06936993150016367,0.08465713701568311,0.11441595441595442,0.5235775387821423
